---- Training epoch 1 ----
[0.7416] [0.6489]
---- Training epoch 2 ----
[0.7416, 0.7429] [0.6489, 0.6226]
---- Training epoch 3 ----
[0.7416, 0.7429, 0.7199] [0.6489, 0.6226, 0.5855]
---- Training epoch 4 ----
[0.7416, 0.7429, 0.7199, 0.7497] [0.6489, 0.6226, 0.5855, 0.6117]
---- Training epoch 5 ----
[0.7416, 0.7429, 0.7199, 0.7497, 0.7265] [0.6489, 0.6226, 0.5855, 0.6117, 0.606]
---- Training epoch 6 ----
[0.7416, 0.7429, 0.7199, 0.7497, 0.7265, 0.7337] [0.6489, 0.6226, 0.5855, 0.6117, 0.606, 0.6233]
---- Training epoch 7 ----
[0.7416, 0.7429, 0.7199, 0.7497, 0.7265, 0.7337, 0.7515] [0.6489, 0.6226, 0.5855, 0.6117, 0.606, 0.6233, 0.6352]
---- Training epoch 8 ----
[0.7416, 0.7429, 0.7199, 0.7497, 0.7265, 0.7337, 0.7515, 0.7378] [0.6489, 0.6226, 0.5855, 0.6117, 0.606, 0.6233, 0.6352, 0.6229]
---- Training epoch 9 ----
[0.7416, 0.7429, 0.7199, 0.7497, 0.7265, 0.7337, 0.7515, 0.7378, 0.7446] [0.6489, 0.6226, 0.5855, 0.6117, 0.606, 0.6233, 0.6352, 0.6229, 0.616]
---- Training epoch 10 ----
[0.7416, 0.7429, 0.7199, 0.7497, 0.7265, 0.7337, 0.7515, 0.7378, 0.7446, 0.7405] [0.6489, 0.6226, 0.5855, 0.6117, 0.606, 0.6233, 0.6352, 0.6229, 0.616, 0.6079]
---- Training epoch 11 ----
[0.7416, 0.7429, 0.7199, 0.7497, 0.7265, 0.7337, 0.7515, 0.7378, 0.7446, 0.7405, 0.7518] [0.6489, 0.6226, 0.5855, 0.6117, 0.606, 0.6233, 0.6352, 0.6229, 0.616, 0.6079, 0.611]
---- Training epoch 12 ----
[0.7416, 0.7429, 0.7199, 0.7497, 0.7265, 0.7337, 0.7515, 0.7378, 0.7446, 0.7405, 0.7518, 0.706] [0.6489, 0.6226, 0.5855, 0.6117, 0.606, 0.6233, 0.6352, 0.6229, 0.616, 0.6079, 0.611, 0.5837]
---- Training epoch 13 ----
[0.7416, 0.7429, 0.7199, 0.7497, 0.7265, 0.7337, 0.7515, 0.7378, 0.7446, 0.7405, 0.7518, 0.706, 0.7441] [0.6489, 0.6226, 0.5855, 0.6117, 0.606, 0.6233, 0.6352, 0.6229, 0.616, 0.6079, 0.611, 0.5837, 0.6113]
---- Training epoch 14 ----
[0.7416, 0.7429, 0.7199, 0.7497, 0.7265, 0.7337, 0.7515, 0.7378, 0.7446, 0.7405, 0.7518, 0.706, 0.7441, 0.7399] [0.6489, 0.6226, 0.5855, 0.6117, 0.606, 0.6233, 0.6352, 0.6229, 0.616, 0.6079, 0.611, 0.5837, 0.6113, 0.6052]
---- Training epoch 15 ----
[0.7416, 0.7429, 0.7199, 0.7497, 0.7265, 0.7337, 0.7515, 0.7378, 0.7446, 0.7405, 0.7518, 0.706, 0.7441, 0.7399, 0.7191] [0.6489, 0.6226, 0.5855, 0.6117, 0.606, 0.6233, 0.6352, 0.6229, 0.616, 0.6079, 0.611, 0.5837, 0.6113, 0.6052, 0.5937]
---- Training epoch 16 ----
[0.7416, 0.7429, 0.7199, 0.7497, 0.7265, 0.7337, 0.7515, 0.7378, 0.7446, 0.7405, 0.7518, 0.706, 0.7441, 0.7399, 0.7191, 0.729] [0.6489, 0.6226, 0.5855, 0.6117, 0.606, 0.6233, 0.6352, 0.6229, 0.616, 0.6079, 0.611, 0.5837, 0.6113, 0.6052, 0.5937, 0.6034]
---- Training epoch 17 ----
[0.7416, 0.7429, 0.7199, 0.7497, 0.7265, 0.7337, 0.7515, 0.7378, 0.7446, 0.7405, 0.7518, 0.706, 0.7441, 0.7399, 0.7191, 0.729, 0.7521] [0.6489, 0.6226, 0.5855, 0.6117, 0.606, 0.6233, 0.6352, 0.6229, 0.616, 0.6079, 0.611, 0.5837, 0.6113, 0.6052, 0.5937, 0.6034, 0.6255]
---- Training epoch 18 ----
[0.7416, 0.7429, 0.7199, 0.7497, 0.7265, 0.7337, 0.7515, 0.7378, 0.7446, 0.7405, 0.7518, 0.706, 0.7441, 0.7399, 0.7191, 0.729, 0.7521, 0.75] [0.6489, 0.6226, 0.5855, 0.6117, 0.606, 0.6233, 0.6352, 0.6229, 0.616, 0.6079, 0.611, 0.5837, 0.6113, 0.6052, 0.5937, 0.6034, 0.6255, 0.622]
---- Training epoch 19 ----
[0.7416, 0.7429, 0.7199, 0.7497, 0.7265, 0.7337, 0.7515, 0.7378, 0.7446, 0.7405, 0.7518, 0.706, 0.7441, 0.7399, 0.7191, 0.729, 0.7521, 0.75, 0.721] [0.6489, 0.6226, 0.5855, 0.6117, 0.606, 0.6233, 0.6352, 0.6229, 0.616, 0.6079, 0.611, 0.5837, 0.6113, 0.6052, 0.5937, 0.6034, 0.6255, 0.622, 0.6172]
---- Training epoch 20 ----
[0.7416, 0.7429, 0.7199, 0.7497, 0.7265, 0.7337, 0.7515, 0.7378, 0.7446, 0.7405, 0.7518, 0.706, 0.7441, 0.7399, 0.7191, 0.729, 0.7521, 0.75, 0.721, 0.7236] [0.6489, 0.6226, 0.5855, 0.6117, 0.606, 0.6233, 0.6352, 0.6229, 0.616, 0.6079, 0.611, 0.5837, 0.6113, 0.6052, 0.5937, 0.6034, 0.6255, 0.622, 0.6172, 0.6193]
Final validation accuracy:  0.7236
Final testing accuracy:  0.6193
