---- Training epoch 1 ----
[0.7825] [0.6497]
---- Training epoch 2 ----
[0.7825, 0.7124] [0.6497, 0.5925]
---- Training epoch 3 ----
[0.7825, 0.7124, 0.8151] [0.6497, 0.5925, 0.7033]
---- Training epoch 4 ----
[0.7825, 0.7124, 0.8151, 0.8521] [0.6497, 0.5925, 0.7033, 0.7344]
---- Training epoch 5 ----
[0.7825, 0.7124, 0.8151, 0.8521, 0.8691] [0.6497, 0.5925, 0.7033, 0.7344, 0.7498]
---- Training epoch 6 ----
[0.7825, 0.7124, 0.8151, 0.8521, 0.8691, 0.8796] [0.6497, 0.5925, 0.7033, 0.7344, 0.7498, 0.7752]
---- Training epoch 7 ----
[0.7825, 0.7124, 0.8151, 0.8521, 0.8691, 0.8796, 0.8943] [0.6497, 0.5925, 0.7033, 0.7344, 0.7498, 0.7752, 0.7829]
---- Training epoch 8 ----
[0.7825, 0.7124, 0.8151, 0.8521, 0.8691, 0.8796, 0.8943, 0.8998] [0.6497, 0.5925, 0.7033, 0.7344, 0.7498, 0.7752, 0.7829, 0.7972]
---- Training epoch 9 ----
[0.7825, 0.7124, 0.8151, 0.8521, 0.8691, 0.8796, 0.8943, 0.8998, 0.9021] [0.6497, 0.5925, 0.7033, 0.7344, 0.7498, 0.7752, 0.7829, 0.7972, 0.7961]
---- Training epoch 10 ----
[0.7825, 0.7124, 0.8151, 0.8521, 0.8691, 0.8796, 0.8943, 0.8998, 0.9021, 0.909] [0.6497, 0.5925, 0.7033, 0.7344, 0.7498, 0.7752, 0.7829, 0.7972, 0.7961, 0.8136]
---- Training epoch 11 ----
[0.7825, 0.7124, 0.8151, 0.8521, 0.8691, 0.8796, 0.8943, 0.8998, 0.9021, 0.909, 0.9087] [0.6497, 0.5925, 0.7033, 0.7344, 0.7498, 0.7752, 0.7829, 0.7972, 0.7961, 0.8136, 0.8105]
---- Training epoch 12 ----
[0.7825, 0.7124, 0.8151, 0.8521, 0.8691, 0.8796, 0.8943, 0.8998, 0.9021, 0.909, 0.9087, 0.9181] [0.6497, 0.5925, 0.7033, 0.7344, 0.7498, 0.7752, 0.7829, 0.7972, 0.7961, 0.8136, 0.8105, 0.8305]
---- Training epoch 13 ----
[0.7825, 0.7124, 0.8151, 0.8521, 0.8691, 0.8796, 0.8943, 0.8998, 0.9021, 0.909, 0.9087, 0.9181, 0.9159] [0.6497, 0.5925, 0.7033, 0.7344, 0.7498, 0.7752, 0.7829, 0.7972, 0.7961, 0.8136, 0.8105, 0.8305, 0.8341]
---- Training epoch 14 ----
[0.7825, 0.7124, 0.8151, 0.8521, 0.8691, 0.8796, 0.8943, 0.8998, 0.9021, 0.909, 0.9087, 0.9181, 0.9159, 0.9204] [0.6497, 0.5925, 0.7033, 0.7344, 0.7498, 0.7752, 0.7829, 0.7972, 0.7961, 0.8136, 0.8105, 0.8305, 0.8341, 0.8351]
---- Training epoch 15 ----
[0.7825, 0.7124, 0.8151, 0.8521, 0.8691, 0.8796, 0.8943, 0.8998, 0.9021, 0.909, 0.9087, 0.9181, 0.9159, 0.9204, 0.9224] [0.6497, 0.5925, 0.7033, 0.7344, 0.7498, 0.7752, 0.7829, 0.7972, 0.7961, 0.8136, 0.8105, 0.8305, 0.8341, 0.8351, 0.8342]
---- Training epoch 16 ----
[0.7825, 0.7124, 0.8151, 0.8521, 0.8691, 0.8796, 0.8943, 0.8998, 0.9021, 0.909, 0.9087, 0.9181, 0.9159, 0.9204, 0.9224, 0.9283] [0.6497, 0.5925, 0.7033, 0.7344, 0.7498, 0.7752, 0.7829, 0.7972, 0.7961, 0.8136, 0.8105, 0.8305, 0.8341, 0.8351, 0.8342, 0.845]
---- Training epoch 17 ----
[0.7825, 0.7124, 0.8151, 0.8521, 0.8691, 0.8796, 0.8943, 0.8998, 0.9021, 0.909, 0.9087, 0.9181, 0.9159, 0.9204, 0.9224, 0.9283, 0.9239] [0.6497, 0.5925, 0.7033, 0.7344, 0.7498, 0.7752, 0.7829, 0.7972, 0.7961, 0.8136, 0.8105, 0.8305, 0.8341, 0.8351, 0.8342, 0.845, 0.8323]
---- Training epoch 18 ----
[0.7825, 0.7124, 0.8151, 0.8521, 0.8691, 0.8796, 0.8943, 0.8998, 0.9021, 0.909, 0.9087, 0.9181, 0.9159, 0.9204, 0.9224, 0.9283, 0.9239, 0.923] [0.6497, 0.5925, 0.7033, 0.7344, 0.7498, 0.7752, 0.7829, 0.7972, 0.7961, 0.8136, 0.8105, 0.8305, 0.8341, 0.8351, 0.8342, 0.845, 0.8323, 0.8312]
---- Training epoch 19 ----
[0.7825, 0.7124, 0.8151, 0.8521, 0.8691, 0.8796, 0.8943, 0.8998, 0.9021, 0.909, 0.9087, 0.9181, 0.9159, 0.9204, 0.9224, 0.9283, 0.9239, 0.923, 0.931] [0.6497, 0.5925, 0.7033, 0.7344, 0.7498, 0.7752, 0.7829, 0.7972, 0.7961, 0.8136, 0.8105, 0.8305, 0.8341, 0.8351, 0.8342, 0.845, 0.8323, 0.8312, 0.8493]
---- Training epoch 20 ----
[0.7825, 0.7124, 0.8151, 0.8521, 0.8691, 0.8796, 0.8943, 0.8998, 0.9021, 0.909, 0.9087, 0.9181, 0.9159, 0.9204, 0.9224, 0.9283, 0.9239, 0.923, 0.931, 0.9307] [0.6497, 0.5925, 0.7033, 0.7344, 0.7498, 0.7752, 0.7829, 0.7972, 0.7961, 0.8136, 0.8105, 0.8305, 0.8341, 0.8351, 0.8342, 0.845, 0.8323, 0.8312, 0.8493, 0.8512]
Final validation accuracy:  0.9307
Final testing accuracy:  0.8512
