---- Training epoch 1 ----
[0.8032] [0.6703]
---- Training epoch 2 ----
[0.8032, 0.8139] [0.6703, 0.6794]
---- Training epoch 3 ----
[0.8032, 0.8139, 0.8165] [0.6703, 0.6794, 0.69]
---- Training epoch 4 ----
[0.8032, 0.8139, 0.8165, 0.8184] [0.6703, 0.6794, 0.69, 0.6927]
---- Training epoch 5 ----
[0.8032, 0.8139, 0.8165, 0.8184, 0.8168] [0.6703, 0.6794, 0.69, 0.6927, 0.6952]
---- Training epoch 6 ----
[0.8032, 0.8139, 0.8165, 0.8184, 0.8168, 0.8211] [0.6703, 0.6794, 0.69, 0.6927, 0.6952, 0.6959]
---- Training epoch 7 ----
[0.8032, 0.8139, 0.8165, 0.8184, 0.8168, 0.8211, 0.819] [0.6703, 0.6794, 0.69, 0.6927, 0.6952, 0.6959, 0.6949]
---- Training epoch 8 ----
[0.8032, 0.8139, 0.8165, 0.8184, 0.8168, 0.8211, 0.819, 0.8201] [0.6703, 0.6794, 0.69, 0.6927, 0.6952, 0.6959, 0.6949, 0.6934]
---- Training epoch 9 ----
[0.8032, 0.8139, 0.8165, 0.8184, 0.8168, 0.8211, 0.819, 0.8201, 0.8207] [0.6703, 0.6794, 0.69, 0.6927, 0.6952, 0.6959, 0.6949, 0.6934, 0.6955]
---- Training epoch 10 ----
[0.8032, 0.8139, 0.8165, 0.8184, 0.8168, 0.8211, 0.819, 0.8201, 0.8207, 0.8217] [0.6703, 0.6794, 0.69, 0.6927, 0.6952, 0.6959, 0.6949, 0.6934, 0.6955, 0.6996]
---- Training epoch 11 ----
[0.8032, 0.8139, 0.8165, 0.8184, 0.8168, 0.8211, 0.819, 0.8201, 0.8207, 0.8217, 0.8217] [0.6703, 0.6794, 0.69, 0.6927, 0.6952, 0.6959, 0.6949, 0.6934, 0.6955, 0.6996, 0.6986]
---- Training epoch 12 ----
[0.8032, 0.8139, 0.8165, 0.8184, 0.8168, 0.8211, 0.819, 0.8201, 0.8207, 0.8217, 0.8217, 0.8235] [0.6703, 0.6794, 0.69, 0.6927, 0.6952, 0.6959, 0.6949, 0.6934, 0.6955, 0.6996, 0.6986, 0.7015]
---- Training epoch 13 ----
[0.8032, 0.8139, 0.8165, 0.8184, 0.8168, 0.8211, 0.819, 0.8201, 0.8207, 0.8217, 0.8217, 0.8235, 0.823] [0.6703, 0.6794, 0.69, 0.6927, 0.6952, 0.6959, 0.6949, 0.6934, 0.6955, 0.6996, 0.6986, 0.7015, 0.6965]
---- Training epoch 14 ----
[0.8032, 0.8139, 0.8165, 0.8184, 0.8168, 0.8211, 0.819, 0.8201, 0.8207, 0.8217, 0.8217, 0.8235, 0.823, 0.8211] [0.6703, 0.6794, 0.69, 0.6927, 0.6952, 0.6959, 0.6949, 0.6934, 0.6955, 0.6996, 0.6986, 0.7015, 0.6965, 0.699]
---- Training epoch 15 ----
[0.8032, 0.8139, 0.8165, 0.8184, 0.8168, 0.8211, 0.819, 0.8201, 0.8207, 0.8217, 0.8217, 0.8235, 0.823, 0.8211, 0.8245] [0.6703, 0.6794, 0.69, 0.6927, 0.6952, 0.6959, 0.6949, 0.6934, 0.6955, 0.6996, 0.6986, 0.7015, 0.6965, 0.699, 0.6977]
---- Training epoch 16 ----
[0.8032, 0.8139, 0.8165, 0.8184, 0.8168, 0.8211, 0.819, 0.8201, 0.8207, 0.8217, 0.8217, 0.8235, 0.823, 0.8211, 0.8245, 0.8252] [0.6703, 0.6794, 0.69, 0.6927, 0.6952, 0.6959, 0.6949, 0.6934, 0.6955, 0.6996, 0.6986, 0.7015, 0.6965, 0.699, 0.6977, 0.7034]
---- Training epoch 17 ----
[0.8032, 0.8139, 0.8165, 0.8184, 0.8168, 0.8211, 0.819, 0.8201, 0.8207, 0.8217, 0.8217, 0.8235, 0.823, 0.8211, 0.8245, 0.8252, 0.8226] [0.6703, 0.6794, 0.69, 0.6927, 0.6952, 0.6959, 0.6949, 0.6934, 0.6955, 0.6996, 0.6986, 0.7015, 0.6965, 0.699, 0.6977, 0.7034, 0.6948]
---- Training epoch 18 ----
[0.8032, 0.8139, 0.8165, 0.8184, 0.8168, 0.8211, 0.819, 0.8201, 0.8207, 0.8217, 0.8217, 0.8235, 0.823, 0.8211, 0.8245, 0.8252, 0.8226, 0.8218] [0.6703, 0.6794, 0.69, 0.6927, 0.6952, 0.6959, 0.6949, 0.6934, 0.6955, 0.6996, 0.6986, 0.7015, 0.6965, 0.699, 0.6977, 0.7034, 0.6948, 0.7001]
---- Training epoch 19 ----
[0.8032, 0.8139, 0.8165, 0.8184, 0.8168, 0.8211, 0.819, 0.8201, 0.8207, 0.8217, 0.8217, 0.8235, 0.823, 0.8211, 0.8245, 0.8252, 0.8226, 0.8218, 0.8246] [0.6703, 0.6794, 0.69, 0.6927, 0.6952, 0.6959, 0.6949, 0.6934, 0.6955, 0.6996, 0.6986, 0.7015, 0.6965, 0.699, 0.6977, 0.7034, 0.6948, 0.7001, 0.704]
---- Training epoch 20 ----
[0.8032, 0.8139, 0.8165, 0.8184, 0.8168, 0.8211, 0.819, 0.8201, 0.8207, 0.8217, 0.8217, 0.8235, 0.823, 0.8211, 0.8245, 0.8252, 0.8226, 0.8218, 0.8246, 0.8251] [0.6703, 0.6794, 0.69, 0.6927, 0.6952, 0.6959, 0.6949, 0.6934, 0.6955, 0.6996, 0.6986, 0.7015, 0.6965, 0.699, 0.6977, 0.7034, 0.6948, 0.7001, 0.704, 0.7028]
Final validation accuracy:  0.8251
Final testing accuracy:  0.7028
